1.270000000000000000e+10 2.283300781250000000e+02 -1.179060998367940272e+02
1.830000000000000000e+10 1.534045410156250000e+02 -7.507735422704200801e+01
2.640000000000000000e+10 1.037657861328125080e+02 -4.791424455975401031e+01
3.790000000000000000e+10 7.132598632812499773e+01 -3.100516260116538447e+01
5.000000000000000000e+10 5.405738281249999488e+01 -2.240014407594043888e+01
5.460000000000000000e+10 4.978217773437499716e+01 -2.030180977390100239e+01
7.850000000000000000e+10 3.555101562499999801e+01 -1.360809357698620481e+01
1.000000000000000000e+11 2.860662109374999673e+01 -1.057049443319332660e+01
1.130000000000000000e+11 2.573839843749999901e+01 -9.299263963500850494e+00
1.620000000000000000e+11 1.929953125000000114e+01 -6.612028339700258606e+00
2.340000000000000000e+11 1.440208984374999979e+01 -4.761337046670529816e+00
3.360000000000000000e+11 1.108509765625000121e+01 -3.542865555293238877e+00
4.830000000000000000e+11 8.665644531249999005e+00 -2.686739454162842211e+00
5.000000000000000000e+11 8.411992187499999218e+00 -2.609079336527871273e+00
6.950000000000000000e+11 6.831542968750000000e+00 -2.082570173606568709e+00
1.000000000000000000e+12 5.460351562500000533e+00 -1.628051863298121127e+00
5.000000000000000000e+12 2.185664062499999893e+00 -6.045222971662695954e-01
4.320000000000000000e+09 7.798396436317518692e+02 -4.605027645856606000e+02
6.160000000000000000e+09 5.168147865435851145e+02 -2.931901564359195049e+02
8.860000000000000000e+09 3.401588361370758093e+02 -1.841684005653980591e+02
1.000000000000000000e+09 4.303482282044633394e+03 -2.909485876236284184e+03
1.460000000000000000e+09 2.742664905173497573e+03 -1.798808656065348487e+03
2.100000000000000000e+09 1.785156588385919576e+03 -1.132375908168703063e+03
3.010000000000000000e+09 1.175449401034057018e+03 -7.200253625137398785e+02
