2.409853e-02 2.338358e-02 1.000000e+05 1.498685e-02 3.340451e-13 2.149678e-01
2.703899e-02 2.623940e-02 8.939781e+04 1.630990e-02 8.015948e-13 5.043455e-01
3.033825e-02 2.944968e-02 7.993422e+04 1.739012e-02 1.920824e-12 7.935241e-01
3.404007e-02 3.305887e-02 7.148555e+04 1.822590e-02 4.596196e-12 1.082507e+00
3.819359e-02 3.711691e-02 6.394189e+04 1.881564e-02 1.098174e-11 1.371289e+00
4.285392e-02 4.167990e-02 5.719777e+04 1.912314e-02 2.622633e-11 1.660088e+00
4.808288e-02 4.681085e-02 5.115729e+04 1.909075e-02 6.270659e-11 1.949267e+00
5.394988e-02 5.258039e-02 4.574758e+04 1.871311e-02 1.501131e-10 2.238837e+00
6.053277e-02 5.906773e-02 4.090348e+04 1.798586e-02 3.597979e-10 2.528800e+00
6.791888e-02 6.636153e-02 3.656656e+04 1.690514e-02 8.634392e-10 2.819155e+00
7.620624e-02 7.456103e-02 3.268442e+04 1.546777e-02 2.074580e-09 3.109894e+00
8.550480e-02 8.377718e-02 2.921002e+04 1.367135e-02 4.990461e-09 3.401006e+00
9.593797e-02 9.413391e-02 2.609913e+04 1.164606e-02 1.202562e-08 3.692605e+00
1.076442e-01 1.057697e-01 2.330908e+04 9.801124e-03 2.908025e-08 3.985052e+00
1.207787e-01 1.188399e-01 2.080790e+04 8.172003e-03 7.056993e-08 4.278322e+00
1.355160e-01 1.335186e-01 1.856695e+04 6.764281e-03 1.718431e-07 4.572368e+00
1.520514e-01 1.500010e-01 1.656021e+04 5.582422e-03 4.198599e-07 4.867155e+00
1.706045e-01 1.685063e-01 1.476411e+04 4.630015e-03 1.029229e-06 5.162651e+00
1.914214e-01 1.892806e-01 1.315825e+04 3.900065e-03 2.529856e-06 5.458713e+00
2.147784e-01 2.126002e-01 1.172631e+04 3.355512e-03 6.221543e-06 5.754850e+00
2.409853e-01 2.387752e-01 1.044989e+04 2.992445e-03 1.530378e-05 6.050995e+00
2.703899e-01 2.681542e-01 9.312195e+03 2.810570e-03 3.765104e-05 6.347131e+00
3.033825e-01 3.011285e-01 8.298209e+03 2.809502e-03 9.264432e-05 6.643248e+00
3.404007e-01 3.381383e-01 7.394515e+03 2.988833e-03 2.279896e-04 6.939338e+00
3.819359e-01 3.796783e-01 6.589138e+03 3.348193e-03 5.611273e-04 7.235398e+00
4.285392e-01 4.263049e-01 5.871392e+03 3.887304e-03 1.381205e-03 7.531426e+00
4.808288e-01 4.786442e-01 5.232010e+03 4.616870e-03 3.398892e-03 7.827340e+00
5.394988e-01 5.374010e-01 4.663291e+03 5.576833e-03 8.349559e-03 8.122822e+00
6.053277e-01 6.033696e-01 4.157386e+03 6.769690e-03 2.047282e-02 8.417843e+00
6.791888e-01 6.774453e-01 3.707246e+03 8.194325e-03 5.010557e-02 8.712408e+00
7.620624e-01 7.606378e-01 3.306622e+03 9.849975e-03 1.224044e-01 9.006523e+00
8.550480e-01 8.540871e-01 2.949975e+03 1.173626e-02 2.984850e-01 9.300199e+00
9.593797e-01 9.590801e-01 2.632394e+03 1.385322e-02 7.265682e-01 9.593447e+00
1.076442e+00 1.077071e+00 2.349526e+03 1.620132e-02 1.765526e+00 9.886281e+00
1.207787e+00 1.209706e+00 2.097511e+03 1.878149e-02 4.282845e+00 1.017871e+01
1.355160e+00 1.358844e+00 1.872926e+03 2.159513e-02 1.037216e+01 1.047076e+01
1.520514e+00 1.526592e+00 1.672805e+03 2.461113e-02 2.507033e+01 1.076237e+01
1.706045e+00 1.715338e+00 1.494744e+03 2.766352e-02 6.038271e+01 1.105321e+01
1.914214e+00 1.927782e+00 1.336270e+03 3.073085e-02 1.448973e+02 1.134326e+01
2.147784e+00 2.166980e+00 1.195155e+03 3.381490e-02 3.464347e+02 1.163255e+01
2.409853e+00 2.436396e+00 1.069443e+03 3.691706e-02 8.252736e+02 1.192109e+01
2.703899e+00 2.739950e+00 9.574046e+02 4.003834e-02 1.958732e+03 1.220888e+01
3.033825e+00 3.082086e+00 8.575164e+02 4.317945e-02 4.631482e+03 1.249592e+01
3.404007e+00 3.467839e+00 7.684306e+02 4.634075e-02 1.090896e+04 1.278219e+01
3.819359e+00 3.902921e+00 6.889553e+02 4.952234e-02 2.559153e+04 1.306768e+01
4.285392e+00 4.393809e+00 6.180346e+02 5.272396e-02 5.978203e+04 1.335234e+01
4.808288e+00 4.947850e+00 5.547320e+02 5.595900e-02 1.390281e+05 1.363612e+01
5.394988e+00 5.573394e+00 4.981447e+02 6.028950e-02 3.221501e+05 1.391920e+01
6.053277e+00 6.280002e+00 4.475347e+02 6.638413e-02 7.438072e+05 1.420153e+01
6.791888e+00 7.078706e+00 4.022859e+02 7.424605e-02 1.710063e+06 1.448292e+01
7.620624e+00 7.982274e+00 3.618360e+02 8.387968e-02 3.912589e+06 1.476321e+01
8.550480e+00 9.005529e+00 3.256753e+02 9.529536e-02 8.904380e+06 1.504228e+01
9.593797e+00 1.016573e+01 2.933442e+02 1.085129e-01 2.014868e+07 1.532003e+01
1.076442e+01 1.148304e+01 2.644310e+02 1.235646e-01 4.531233e+07 1.559638e+01
1.207787e+01 1.298108e+01 2.388033e+02 1.405171e-01 1.004599e+08 1.586958e+01
1.355160e+01 1.468760e+01 2.162525e+02 1.593593e-01 2.179979e+08 1.613811e+01
1.520514e+01 1.663531e+01 1.964234e+02 1.797188e-01 4.620303e+08 1.640154e+01
1.706045e+01 1.886243e+01 1.794600e+02 1.880149e-01 9.354742e+08 1.665536e+01
1.914214e+01 2.141076e+01 1.651335e+02 1.790122e-01 1.791543e+09 1.689813e+01
2.147784e+01 2.432352e+01 1.524232e+02 1.585102e-01 3.348111e+09 1.713707e+01
2.409853e+01 2.764560e+01 1.400359e+02 1.316891e-01 6.473042e+09 1.738487e+01
2.703899e+01 3.142378e+01 1.276338e+02 9.832146e-02 1.283942e+10 1.763968e+01
3.033825e+01 3.570653e+01 1.154902e+02 7.162168e-02 1.991408e+10 1.784218e+01
3.404007e+01 4.054819e+01 1.036167e+02 5.680688e-02 2.132551e+10 1.796463e+01
3.819359e+01 4.601315e+01 9.263222e+01 4.829276e-02 2.139566e+10 1.807279e+01
4.285392e+01 5.217637e+01 8.262697e+01 4.455816e-02 2.139832e+10 1.817989e+01
4.808288e+01 5.912454e+01 7.357398e+01 4.471405e-02 2.139841e+10 1.828643e+01
5.394988e+01 6.695767e+01 6.555998e+01 4.522163e-02 2.139842e+10 1.839241e+01
6.053277e+01 7.578913e+01 5.846951e+01 4.578851e-02 2.139842e+10 1.849791e+01
6.791888e+01 8.574696e+01 5.218848e+01 4.640999e-02 2.139842e+10 1.860299e+01
7.620624e+01 9.697574e+01 4.661843e+01 4.708198e-02 2.139842e+10 1.870769e+01
8.550480e+01 1.096387e+02 4.166625e+01 4.707047e-02 2.139842e+10 1.881208e+01
9.593797e+01 1.239191e+02 3.725113e+01 4.565023e-02 2.139842e+10 1.891624e+01
1.076442e+02 1.400212e+02 3.331066e+01 4.282806e-02 2.139842e+10 1.902026e+01
1.207787e+02 1.581720e+02 2.979094e+01 3.860476e-02 2.139842e+10 1.912420e+01
1.355160e+02 1.786230e+02 2.664513e+01 3.297980e-02 2.139842e+10 1.922812e+01
1.520514e+02 2.016516e+02 2.383066e+01 2.608386e-02 2.139842e+10 1.933204e+01
1.706045e+02 2.275640e+02 2.129372e+01 1.957524e-02 2.139842e+10 1.943596e+01
1.914214e+02 2.567008e+02 1.900300e+01 1.399132e-02 2.139842e+10 1.953981e+01
2.147784e+02 2.894434e+02 1.693608e+01 9.365714e-03 2.139842e+10 1.964353e+01
2.409853e+02 3.262194e+02 1.507265e+01 5.726217e-03 2.139842e+10 1.974706e+01
2.703899e+02 3.675093e+02 1.340236e+01 3.129143e-03 2.139842e+10 1.985037e+01
3.033825e+02 4.138538e+02 1.191559e+01 1.615617e-03 2.139842e+10 1.995342e+01
3.404007e+02 4.658629e+02 1.059359e+01 7.982059e-04 2.139842e+10 2.005618e+01
3.819359e+02 5.242234e+02 9.418969e+00 2.612333e-04 2.139842e+10 2.015867e+01
4.285392e+02 5.897070e+02 8.375072e+00 -1.183055e-06 2.139842e+10 2.026091e+01
4.808288e+02 6.631810e+02 7.447166e+00 5.693391e-06 2.139842e+10 2.036290e+01
