1.270000000000000000e+10 2.283300781250000000e+02 -4.808764307561467888e+00
1.830000000000000000e+10 1.534045410156250000e+02 -5.962315848066571888e+00
2.640000000000000000e+10 1.037657861328125080e+02 -3.931947409496908907e+00
3.790000000000000000e+10 7.132598632812499773e+01 -5.872421372447039545e+00
5.000000000000000000e+10 5.405738281249999488e+01 -3.550588154401680629e+00
5.460000000000000000e+10 4.978217773437499716e+01 -1.452253852362242803e+00
7.850000000000000000e+10 3.555101562499999801e+01 -1.041722962627032345e+00
1.000000000000000000e+11 2.860662109374999673e+01 -4.287309126013740368e+00
1.130000000000000000e+11 2.573839843749999901e+01 -3.016078656321264706e+00
1.620000000000000000e+11 1.929953125000000114e+01 -3.288430325206723737e-01
2.340000000000000000e+11 1.440208984374999979e+01 -4.761337046670529816e+00
3.360000000000000000e+11 1.108509765625000121e+01 -3.542865555293238877e+00
4.830000000000000000e+11 8.665644531249999005e+00 -2.686739454162842211e+00
5.000000000000000000e+11 8.411992187499999218e+00 -2.609079336527871273e+00
6.950000000000000000e+11 6.831542968750000000e+00 -2.082570173606568709e+00
1.000000000000000000e+12 5.460351562500000533e+00 -1.628051863298121127e+00
5.000000000000000000e+12 2.185664062499999893e+00 -6.045222971662695954e-01
4.320000000000000000e+09 7.798396436317518692e+02 -1.830237161550810399e+00
6.160000000000000000e+09 5.168147865435851145e+02 -4.163632305658545363e+00
8.860000000000000000e+09 3.401588361370758093e+02 -1.956026657190041540e+00
1.000000000000000000e+09 4.303482282044633394e+03 -3.710790121357314675e-01
1.460000000000000000e+09 2.742664905173497573e+03 -1.817658211986887373e+00
2.100000000000000000e+09 1.785156588385919576e+03 -1.402552876377425761e+00
3.010000000000000000e+09 1.175449401034057018e+03 -3.742237495267120906e+00
