FFTW_MEASURE
0 1 8 1349.000000
0 1 8 1088.000000
0 0 8 1061.000000
0 0 8 1055.000000
0 0 8 1074.000000
0 0 8 1128.000000
0 0 8 1150.000000
0 0 8 1082.000000
0 0 8 1101.000000
0 0 8 1064.000000
0 0 8 1100.000000
0 0 8 1082.000000
0 0 8 1061.000000
0 0 8 1122.000000
0 0 8 1077.000000
0 0 8 1141.000000
0 0 8 1058.000000
0 0 8 1074.000000
0 0 8 1079.000000
0 0 8 1150.000000
0 0 8 1071.000000
0 0 8 1068.000000
0 0 8 1069.000000
0 0 8 1137.000000
0 0 8 1069.000000
0 0 8 1076.000000
0 0 8 1068.000000
0 0 8 1081.000000
0 0 8 1084.000000
0 0 8 1070.000000
0 0 8 1075.000000
0 0 8 1064.000000
0 0 8 1073.000000
0 0 8 1072.000000
0 0 8 1078.000000
0 0 8 1075.000000
0 0 8 1071.000000
0 0 8 1266.000000
0 0 8 1082.000000
0 0 8 1067.000000
0 0 8 1071.000000
0 0 8 1167.000000
0 0 8 1113.000000
0 0 8 1081.000000
0 0 8 1054.000000
0 0 8 1050.000000
0 0 8 1071.000000
0 0 8 1119.000000
0 0 8 1119.000000
0 0 8 1083.000000
0 0 8 1071.000000
0 0 8 1261.000000
0 0 8 1268.000000
0 0 8 1058.000000
0 0 8 1042.000000
0 0 8 1062.000000
0 0 8 1141.000000
0 0 8 1121.000000
0 0 8 1073.000000
0 0 8 1084.000000
0 0 8 1092.000000
0 0 8 1160.000000
0 0 8 1090.000000
0 0 8 1093.000000
0 0 8 1069.000000
0 0 8 1068.000000
0 0 8 1246.000000
0 0 8 1081.000000
0 0 8 1065.000000
0 0 8 1047.000000
0 0 8 1170.000000
0 0 8 1128.000000
0 0 8 1072.000000
0 0 8 1065.000000
0 0 8 1164.000000
0 0 8 1068.000000
0 0 8 1074.000000
0 0 8 1164.000000
0 0 8 1079.000000
0 0 8 1263.000000
0 0 8 1226.000000
0 0 8 1078.000000
0 0 8 1069.000000
0 0 8 1125.000000
0 0 8 1068.000000
0 0 8 1088.000000
0 0 8 1048.000000
0 0 8 1121.000000
0 0 8 1078.000000
0 0 8 1083.000000
0 0 8 1074.000000
0 0 8 1148.000000
0 0 8 1074.000000
0 0 8 1072.000000
0 0 8 1098.000000
0 0 8 1072.000000
0 0 8 1068.000000
0 0 8 1144.000000
0 0 8 1155.000000
0 0 8 1155.000000
0 0 8 1136.000000
0 0 8 1075.000000
0 0 8 1101.000000
0 0 8 1138.000000
0 0 8 1101.000000
0 0 8 1088.000000
0 0 8 1082.000000
0 0 8 1239.000000
0 0 8 1042.000000
0 0 8 1076.000000
0 0 8 1090.000000
0 0 8 1070.000000
0 0 8 1113.000000
0 0 8 1120.000000
0 0 8 1132.000000
0 0 8 1096.000000
0 0 8 1073.000000
0 0 8 1092.000000
0 0 8 1092.000000
0 0 8 1127.000000
0 0 8 1078.000000
0 0 8 1086.000000
0 0 8 1116.000000
0 0 8 1087.000000
0 0 8 1093.000000
0 0 8 1097.000000
0 0 8 1087.000000
0 0 8 1113.000000
0 0 8 1083.000000
0 0 8 1079.000000
0 0 8 1064.000000
0 0 8 1070.000000
0 0 8 1076.000000
0 0 8 1075.000000
0 0 8 1086.000000
0 0 8 1066.000000
0 0 8 1160.000000
0 0 8 1080.000000
0 0 8 1079.000000
0 0 8 1073.000000
0 0 8 1075.000000
0 0 8 1156.000000
0 0 8 1086.000000
0 0 8 1073.000000
0 0 8 1075.000000
0 0 8 1068.000000
0 0 8 1072.000000
0 0 8 1070.000000
0 0 8 1072.000000
0 0 8 1070.000000
0 0 8 1071.000000
0 0 8 1163.000000
0 0 8 1082.000000
0 0 8 1128.000000
0 0 8 1073.000000
0 0 8 1085.000000
